x1: (3, 4, 5)
x2: (5, 12, 13)
x3: (6, 8, 10)
x4: (7, 24, 25)
x5: (8, 15, 17)
x6: (9, 12, 15)
x7: (9, 40, 41)
x8: (10, 24, 26)
x9: (11, 60, 61)
x10: (12, 16, 20)
x11: (12, 35, 37)
x12: (13, 84, 85)
x13: (14, 48, 50)
x14: (15, 20, 25)
x15: (15, 36, 39)
x16: (16, 30, 34)
x17: (16, 63, 65)
x18: (18, 24, 30)
x19: (18, 80, 82)
x20: (20, 21, 29)
x21: (20, 48, 52)
x22: (21, 28, 35)
x23: (21, 72, 75)
x24: (24, 32, 40)
x25: (24, 45, 51)
x26: (24, 70, 74)
x27: (25, 60, 65)
x28: (27, 36, 45)
x29: (28, 45, 53)
x30: (28, 96, 100)
x31: (30, 40, 50)
x32: (30, 72, 78)
x33: (32, 60, 68)
x34: (33, 44, 55)
x35: (33, 56, 65)
x36: (35, 84, 91)
x37: (36, 48, 60)
x38: (36, 77, 85)
x39: (39, 52, 65)
x40: (39, 80, 89)
x41: (40, 42, 58)
x42: (40, 75, 85)
x43: (42, 56, 70)
x44: (45, 60, 75)
x45: (48, 55, 73)
x46: (48, 64, 80)
x47: (51, 68, 85)
x48: (54, 72, 90)
x49: (57, 76, 95)
x50: (60, 63, 87)
x51: (60, 80, 100)
x52: (65, 72, 97)
